19
72 BREW 0 -2 -2 -2 22 3 4 0 0
53 BREW 0 0 -4 0 13 1 4 0 0
77 BREW -1 -1 -1 -3 20 0 0 0 0
71 BREW -2 0 -2 -2 17 0 0 0 0
48 BREW 0 -2 -2 0 10 0 0 0 0
25 LEARN 0 -3 0 2 0 0 0 0 1
5 LEARN 2 3 -2 0 0 1 0 0 1
28 LEARN 4 1 -1 0 0 2 0 0 1
21 LEARN -3 1 1 0 0 3 0 0 1
8 LEARN 3 -2 1 0 0 4 0 0 1
34 LEARN -2 0 -1 2 0 5 0 0 1
78 CAST 2 0 0 0 0 -1 -1 1 0
79 CAST -1 1 0 0 0 -1 -1 1 0
80 CAST 0 -1 1 0 0 -1 -1 1 0
81 CAST 0 0 -1 1 0 -1 -1 1 0
82 OPPONENT_CAST 2 0 0 0 0 -1 -1 1 0
83 OPPONENT_CAST -1 1 0 0 0 -1 -1 1 0
84 OPPONENT_CAST 0 -1 1 0 0 -1 -1 1 0
85 OPPONENT_CAST 0 0 -1 1 0 -1 -1 1 0
3 0 0 0 0
3 0 0 0 0
